2 43.6449639770595 50.8232822021147
2 62.6312391507484 73.6704900789355
2 47.9405129740021 61.0895869031803
3 50.6972678696745 14.9372122749583
1 21.8325160161833 22.127229714357
2 52.2401775566627 68.1526451925777
1 18.7611977435218 22.8127973377463
4 23.824287304392 41.3138242577949
1 30.584473757667 35.6090943257126
1 18.7513873482606 22.6335877796619
1 31.9262342077014 18.4302225821758
1 29.2147217498247 18.0337911227958
3 46.1949947255081 11.733088256895
1 20.3370078777349 20.0617939833128
1 43.0163477652119 28.2867820185238
4 37.1012543385957 55.4857279032318
3 52.2040463667933 20.9419761573718
4 14.4358758431344 50.4975142021191
3 64.0569449600616 30.1294357514277
1 32.864626995956 16.7945538311452
1 20.1916623564691 26.1976173222488
2 43.8868090509239 66.0896314518935
3 57.2959929146685 14.9339514259671
2 62.6729378054111 66.6966720874455
1 14.0739664753819 5.6032878876775
2 38.911153959459 46.1682428672597
4 17.0907787485503 55.0876268520933
2 43.1045236631858 42.0219723982935
1 30.035050719397 35.3045519812715
3 53.0391835438622 21.3644846875782
3 44.2260765989232 40.2775755271526
1 24.9520106884347 14.0779924624445
4 31.0478316343448 57.4711093732016
2 26.8934984796615 51.4094427725574
2 42.9228781017211 38.9839081916359
4 42.9230705733209 32.2006524394142
1 16.8419223515641 31.1218541887666
3 41.5610937726121 17.2509097766663
1 13.3628658466985 35.2145725163373
3 51.1105840641277 25.0357805793407
2 55.57370900778 49.223667844895
2 39.7204936427503 54.5668515024134
3 59.1937882970949 33.0144428888874
2 36.2607527616663 57.4459590418922
3 43.914410672454 27.0640525255237
4 20.031772524625 41.7087333748757
2 30.2020468312315 48.3513702610326
3 48.4829846601125 20.0560377403805
1 22.7582727135277 28.5194978145917
4 15.8815719488607 55.6624913338245
4 42.6307313998432 42.9509681294986
2 36.2478099140962 45.26978097401
2 38.9805482693729 49.4736128904382
2 55.4986044128804 54.5821918857413
3 46.0396671373155 32.6277758548296
4 22.7823450104226 30.4024385378086
3 56.6450921888463 14.6524063753756
3 64.3106338476028 26.3281894281585
3 48.5827470865942 31.3687468857886
3 51.2640330598208 24.5827668086747
2 44.9834352374828 52.8944168988264
1 26.793225709574 26.3525218312082
2 40.6945697841882 56.7884855624524
4 20.4670920165122 45.6833850558119
4 38.0973218933933 58.5319397262082
3 44.6431859042582 20.6823203225906
1 19.5718527645051 36.5508127526974
4 31.4960150477716 54.4533931106171
2 58.9931854760945 56.6277946768223
2 41.611627614709 59.8433428261024
1 14.786731528367 20.9138751167335
3 46.6448727838149 30.6222607968748
4 26.148600196173 43.9483845951556
3 62.3107406219963 24.2938300181216
4 23.1893934477546 34.2755073796863
2 48.6849127775061 41.3192655812072
4 13.8548947010254 45.8033674693282
2 57.6023875106997 71.9695481876622
4 18.4806513919205 18.5532508298365
4 22.0754190504397 47.6951217062008
2 48.932247694016 61.0128970831871
3 38.8518606501146 27.5142319273144
1 32.3750693344628 27.5077068321832
2 47.7635308013524 52.9743936760705
4 29.3404226296614 58.0589728851631
1 31.7998720417928 15.7099834922955
2 44.0690340143783 32.9955729536073
4 29.553510158808 33.0039589946471
4 45.0155067675013 56.8160279404668
3 56.7533775324808 30.4642746636365
4 19.3408133532562 50.0730310876214
4 26.3183961458562 52.7847547418548
3 55.2040967838859 16.9798101285015
3 45.5616345334825 31.2400566581913
4 30.1775473906057 54.6503594931245
3 50.3998197850781 27.6836902370795
1 29.4429278805567 16.1650043821076
4 36.093237745745 45.3353217591731
1 31.8267753696979 26.3754501252707
1 38.0765094312517 16.9451283462206
4 28.2467230530315 49.5173190878517
2 55.508279544291 33.277402993487
1 26.6328594148987 4.72021946522965
3 35.925617440094 32.209209824141
4 44.05305088472 61.3216891135778
3 63.4913375971083 19.1307296471423
2 46.4839135685047 55.8015440627087
1 31.1608765238889 24.4027598674173
4 25.6291023141097 42.3000192983296
2 46.2348345124621 54.7197773762248
2 57.4842517705404 49.573675560887
3 42.3027605673481 29.2742389491282
1 29.8212928280739 20.8714784617882
4 18.4849773714492 57.5814040942698
2 50.2165430485095 46.5871399582735
2 43.7342927404768 61.5427427487968
4 40.5094169177417 54.7331698809378
4 33.8257160772353 46.473022719184
2 63.1093330852021 71.7163696591883
1 8.62224087736172 31.8552884771137
4 21.9971665191137 42.1639448122695
3 56.6576777369373 24.6541441499292
2 54.4851363088518 38.0226374884595
4 14.0757223332037 54.1068504169046
3 45.5536553542026 18.7577546344423
4 50.2084192610486 49.7686569790243
4 17.8059350060347 58.8027194395546
3 36.0960678328646 33.0400014544273
4 22.9602730027952 51.7799404231466
4 4.0989279852902 43.1599705734905
3 46.8174316929909 25.5700027358143
2 56.0610201158349 61.7710277701273
4 27.170463369175 55.4817275262968
1 36.8551101419852 22.5428110030004
4 21.4488126459658 54.5791867868326
3 46.3408517036526 10.9700271440827
1 27.3047107876568 14.6349161147395
3 61.7720370912886 29.9335205931066
3 49.9170745601933 26.1793337499982
2 42.6586694465922 51.5503800225118
3 52.9722575683758 20.8393948536034
3 45.877411037292 26.5906880460895
1 43.7296629186271 31.5020656813171
3 46.29117489515 15.3135448404483
2 33.425831181759 39.1770095856375
4 14.9485739562864 54.6857843363908
3 47.9592040486371 24.5039225394816
4 3.43288219552273 63.2065099485463
1 23.8490374407364 19.8450570172205
4 27.8138863407964 64.405066657966
2 51.8048792273679 43.6151185351017
1 14.8752728699173 16.734819873266
1 22.9273958890227 29.2523857320971
2 45.5820220207911 46.3421314554136
2 42.5651467747956 76.8572376963907
3 61.6908984435081 45.5473913620139
2 49.2193947966691 39.8583283993468
3 52.7937486941781 27.2402492178111
1 29.9858346818863 42.1309788644969
2 63.7517877949083 31.5893439059081
4 35.5988400216623 62.908024337516
4 22.748735341859 53.366806561941
3 30.8817658121558 27.5351389088016
1 27.4049793772242 43.6345741700476
1 18.4599165313767 27.1931990536593
2 43.6815313823313 53.3740346056963
2 58.1377166741412 55.4509608683822
3 59.15059142317 20.658597937998
4 35.1507613125222 72.1086736361558
3 45.4389135342157 26.318284683867
1 30.5160086571502 15.8751907818739
3 49.6283297563314 33.7674318764472
3 58.7964293515357 20.0407060030794
4 33.2618186866024 43.5871305787609
3 53.6458264780889 23.4803836592323
2 55.1812172568829 34.6409759704243
1 21.9362942312823 16.8801792047062
3 54.7931878784842 24.928135485552
3 41.9465880480823 15.8291651304641
2 33.9401783890125 56.0599965581548
3 54.37209822096 20.4422364492225
2 44.6222969243019 55.156971201657
1 26.895025404857 15.4936121350638
1 15.2980217152282 27.7991189397155
1 31.1998199497985 39.2343571591865
1 26.8807705838713 24.1241713186036
1 24.0371411522768 30.6052884231177
3 47.7396785850517 23.9709037146
2 42.4698487381059 51.0262965504453
4 11.581610790755 39.5376094231714
4 42.5990279059442 47.729747540582
2 49.7158053496508 46.6868568374809
4 31.7876725974571 49.1048544610683
2 51.8251758633437 18.1052286251366
2 42.2774861370656 62.8949442561958
4 34.3218990315923 41.8458030504364
1 22.2294787699887 38.2058372815632
3 43.9190196677039 32.2468955094275
2 50.9376257507157 54.9009452403932
1 21.0707819338326 23.7310505935996
3 38.0304491714858 5.04571128369343
4 32.9455628020793 48.3291628969517
1 22.8080490410286 18.9851587400722
2 74.1319178036385 52.4738629115309
4 16.9797741233554 43.483885397088
2 43.8452223062868 42.9998290923279
1 37.3825195553757 39.8157015799489
2 35.8373620456795 54.1057793671004
1 15.5959346092263 24.702959409684
1 30.018959640466 26.6593269125299
1 24.4577642440314 35.2511816574901
2 54.3383360868559 53.5227290793757
1 18.9233612286866 15.2987219486986
4 20.0300628938667 53.0649812586128
4 24.8248914450609 55.8453532415473
1 35.7606596427158 25.3724900224542
4 29.1793074424263 54.7686375180054
3 54.4967045931889 28.2060366073514
1 35.6931638217095 18.4237823778321
2 35.3585653129643 59.6035142649332
1 25.698928647658 32.6685307879199
2 56.4105452158943 58.8551339006093
3 37.3002579782082 32.4254188684973
1 25.1776954769757 32.3239284735983
3 53.791812094478 28.2171603159309
1 39.781714706467 38.7473723245732
4 42.2021025741863 46.524743594043
1 35.5471074398272 11.6968992274522
1 39.3637982911351 11.7930502588304
2 26.5614610624252 38.8399112799324
4 26.7263932707913 45.1910633831578
1 30.0464659568833 20.8670524279629
1 32.6764414096982 38.9061936678284
2 49.5512101134989 59.5947707099275
2 63.1781933258205 40.0203146969866
1 19.3961702442564 27.0939742591252
1 25.315975064383 36.1081743940731
1 36.5124318232192 23.6665345358478
2 29.4931099836825 70.2014485285946
4 26.7485929666124 40.5977119022794
3 48.2482373041599 23.6319951436368
4 35.5109609084989 68.3443494214546
2 56.3436743108201 42.7419051816711
1 32.200923637854 35.3286081567551
3 45.2430129976524 17.642027035805
3 49.9798184348352 26.4953379009144
2 54.9083761712713 64.2919499578861
1 30.7752838107417 34.4220043404023
1 31.6532981074067 41.9391870149962
4 44.8438317139519 43.8412841482367
4 46.9426347813914 48.2058118159279
3 58.1090679670845 31.5597735491104
2 32.213546663285 60.7542618297109
3 42.163485458057 39.4122481428985
4 14.3625468556432 54.583661272373
3 41.2959071102874 38.9539549793089
1 26.390239972201 32.1919489521422
1 33.6274969755049 25.5836809906516
3 54.2722046852166 26.4260956297945
3 55.9967789581206 46.581326799953
4 37.3905359247629 49.3568112050844
4 26.867111386809 36.4142313037136
1 16.4595645265366 24.8348682190358
1 17.2784162716795 7.30467637577313
4 21.0728560356303 38.3003044962315
3 49.3039522294886 26.2227069610923
1 28.7950101104258 29.0122161688329
4 14.8063965276443 39.327425422608
3 63.5445745284094 20.6494074402143
2 41.3391553421319 55.3172229945201
3 33.3195034783228 24.2609736113474
3 46.0095481164965 26.1786088623956
2 48.9137229052488 43.811403004373
1 35.9848179397824 41.4058411938605
2 43.7885061783668 55.3403261689494
1 27.0096915448601 16.3042894943068
3 35.6010194616001 31.6103846587383
4 5.84834204236015 70.2169362191204
2 63.0817806472521 44.621377889225
4 30.1643387539664 65.0988001997284
1 21.097442665412 11.1337906098945
3 47.9746301764282 14.870927391826
1 17.9910964980936 34.5612734148209
2 76.6065983406896 52.1211356064473
3 42.9903995505122 29.7570700860706
4 38.9675637081474 44.6306950933197
2 37.2541185544907 39.7117456415502
3 54.2357569199177 33.647220440986
1 26.9181616054532 25.6374414778227
4 15.5221014978738 53.288781214001
3 52.0373720768787 37.130545830419
2 35.9396841162843 28.0157763327757
1 37.683403560954 36.7236990422471
3 46.792756574202 34.4705978941141
1 10.9253935446979 12.7540473082076
2 44.7696480838661 64.1233492961262
2 48.1013594148214 35.2440288803307
3 54.1401596844899 32.0374435718554
1 10.6136102669143 19.2299541480746
2 73.9162128114464 56.2883094145731
1 25.8562989579024 30.4718095061362
4 23.1395685366637 42.2390518688584
4 19.2089465417312 46.9014097445205
3 48.3694957003139 30.9777034887775
4 39.7779328876052 54.9223792962294
4 44.9335945815371 61.0010936156793
1 13.1536267806354 18.9846313030089
2 44.0299584148654 45.2302992563122
4 40.1054793580577 38.1375325079136
3 51.9863940616784 17.6667407296545
1 20.7968987810729 27.8757120875653
1 31.3347897256782 41.1944431649675
4 25.0920362248346 46.0311837136827
3 62.9719460690185 24.9008650993664
4 23.7083931676363 57.7125212785826
1 24.4330996074626 36.327737357942
2 54.9498627677092 46.2412683359929
3 55.9454749537017 16.7493444922612
1 25.7123256441152 18.5585269403521
2 37.3448318662913 40.6432231290962
